1853 1935 3
2023 2150 5
2213 2311 3
2330 2430 6
2511 2593 2
2657 2770 7
2789 2884 9
2946 3026 7
3037 3113 9
3186 3262 7
3369 3463 6
3561 3655 6
3754 3856 3
3981 4064 5
4092 4194 3
4239 4323 5
4324 4387 4
4441 4497 6
4499 4561 4
4597 4674 6
4675 4749 4
4750 4833 13
4862 5005 4
5068 5174 3
5259 5359 10
5464 5530 7
5578 5653 10
5735 5828 13
5875 5950 2
5959 6035 13
6101 6228 2
6331 6413 12
6498 6591 3
6592 6665 5
6748 6843 3
6844 6880 6
6979 7055 13
7092 7160 4
7161 7207 13
7313 7370 10
7498 7574 7
7679 7766 8
7857 7943 13
8050 8137 9
8268 8326 3
8447 8553 3
8664 8730 12
8758 8817 3
8929 9001 3
9002 9036 13
9170 9198 7
9199 9283 11
9370 9449 7
9551 9636 13
9754 9856 7
9934 10007 8
10197 10294 9
10450 10912 13
10974 11041 9
11176 11235 13
11310 11394 2
11534 11580 6
11582 11635 3
11682 11755 6
11765 11830 3
11867 11921 7
11940 12007 3
12034 12080 7
12118 12241 3
