2272 2375 13
2910 3014 9
3341 3434 12
3773 3845 10
4328 4404 11
4816 4904 13
5235 5326 9
5610 5698 13
6016 6090 12
6325 6431 9
6711 6799 13
7195 7261 10
7623 7697 11
8124 8180 12
8502 8574 13
8917 9002 9
9467 9542 10
9981 10070 12
10467 10539 11
10896 10971 13
11377 11455 9
11884 11961 12
12351 12439 10
12735 12803 13
13278 13333 11
13688 13756 9
14104 14174 7
14641 14725 9
15106 15177 13
15758 15844 7
16528 16603 6
17242 17331 5
17812 17906 3
18353 18439 4
18913 18980 2
19457 19551 1
20016 20073 9
20615 20674 10
21240 21297 11
21741 21798 12
22305 22376 13
23024 23123 10
23670 23747 11
24063 24141 12
24453 24547 9
24793 24876 13
25229 25315 10
26113 26215 5
26641 26746 3
27142 27233 4
27718 27813 2
